1118811.

10001100,81ιῦ10,018111111010, 29.
(1110118-810811101, 11313114.
{Lm 171.

- 811110 11111111111110111118018 1111, 113
- 111 ι11,0181110129,30
- Ρ11Ἠ,ο111111000,131,131.
- 8110011115.
- 8118101011, 01 811101, 115.
- 818 81010111 01 8170101010, 198.
—- 0011,
- 81. 1111111182, 01 (3111111010, 85.
10011, 8100110, 1οΤ01118, 64.

1117, 500001· 10 0101100101, 131.

- 1111111011, ιιι 0101100101, 131.
Κεο117,1.100101 104.

11111118.
1111111 11110.
-83011, 01811101, 71.

- 83101101, 110 7801011, 13.

- (1110111, 01 8810111, 71.

- 1011, 0101811101, 15.

10110110,11,11.

-. -Ohn, 781

- 0701113111101, 18,- 19.

- 1100111 01, 10. .

- 1010811111ωο1 17, 18.
1110101, 100019 239.
111ηο0001-οΛ 00130711, 19.
1111, 11111.

- 811800101.93

- (110131,10810111111,118.

-111011, 01011100311001, 119.

- 01117, 01811101, 119,11ο.

- Το0011118,1
11113001, 80010,’ 10 80011180110110, 130.
11001101, 60.

1111117 10, 1010, ,197

11101101, Μ111010 01811101, 17.
11100110,1100111,010111(10311Μ1101, 121.
8100110101, 410 8111 01, 114.
8101110501.

11103, 811110011,131,134.

- 811,οι0130.
111011111Ἓε813131 71.

1110011110, Το0011, 01 10111111, 11.
Κ10011011, 5.

1110101, 6110111, 107.

11101011, 5, 11, 11, 18.
81111,Ι8ίο88111,01111211011110111100111,”91
111111100011 111, 01811101, 150.
1111110110 01 Ι81101101 123.
ΚιιΙ110001811101,5,9, 1910.
1101301101 81500001111011110, 10.

11

11001111, 81110136.
1100111, 8001111, 01 81111101, 83.
117ηο1101, 8110 01, 17,11,11.
Κ 70101 Castrum 01, 11.
Lnynd 3111101, wilhelmus, 178.
1100011111, 81110 (11101001 01811101 66
11031110, 118.
11711ύέ0011ιώ1, ,,141
141
1100110111,1110,19393-.5
11001108 0101, 111.
0111101008 11010114.
0111100830 83011, 0181110196
11011, 01 Hie
-1000501 803011111ε1.)96
1111100, waliam John JPercy‚ 142.
11703, Johne. 137.
- 18111110· 10 8100301101, 131.
1111100010-,01 81100011, 111.
- 8001, 01811101, 98.
- 1100111, 10101111, 98,106,111.
811111, 8111110011, 1110101 10 ’101118 64.
- 8111, 01811101, 115.
- 0111011180115.
1111101171οὴ
-,8000 010101110110, 32.
01011, 10100111, 139.
- 811111, 0101 Bm, 131.
- 81111111, 01 0111Ιί10110, 31, 81. Ι
- 1100111, 10 1111110110, 31.
- 1111111013 139.·

Idy 811 Ρ1111 54.

·- 800010, 17.
- 8110011001811111117.
- 6101111, 811101 01110, 51.
110, 01 811101, 71.
-ΖΡιᾙὲ1ο1111ι1111ᾗ1ῲ71,
- 81111111, 00 11101 80110110 139.
- 1111111110 01Το11110111111, 51.
- 11111110,ο18111700101,94.
0110111111, 88 ,89.
1111110314.
0100011101, 800101, 178.
11110111811101, 51.
8100100,5,19,10,11,34.
010011101, 800101, 173174, 175176.
0100111, 811101 6111110111, οι 811101, 63.
- The 11117 Rev. 8110, 63
1100111 ,0100113 07001117.
00010113.
-· 81181110, 97.·
1011, 0180101115
111110, 811007 01
11001170 8138Ξο101, 110.
111100, 0010 pos, 117,110.
111111 1111110100, 41.

111001. 0

 

